image, root, root_name, position, vector_angle, av_node_angle, posX, posY, root_order, root_ontology, date, growth
15072016001, 4307fc68-5222-428d-a060-fe15dfd8f20e, root_7, 2.613868, 9.021275379095997, -11.146568880382688, 9.8298, 9.4107, 0,  Root,  2, 0.87923896
15072016001, 4307fc68-5222-428d-a060-fe15dfd8f20e, root_7, 3.4012268, -1.879604083406818, 4.800283586196315, 9.8043995, 10.1473, 0,  Root,  3, 0.78735876
15072016001, 4307fc68-5222-428d-a060-fe15dfd8f20e, root_7, 4.5486884, -2.854866304425414, -0.6758888827530996, 9.7536, 11.2141, 0,  Root,  4, 1.1474617
15072016001, e807f8bb-27c3-4e5f-8ebb-80d352a1b7d2, root_6, 2.295092, 2.29506900900752, -4.658954678381065, 8.8519, 8.8519, 0,  Root,  2, 0.8129548
15072016001, e807f8bb-27c3-4e5f-8ebb-80d352a1b7d2, root_6, 3.0132797, -7.957775765422824, 9.857683496753907, 8.750299, 9.525, 0,  Root,  3, 0.7181876
15072016001, e807f8bb-27c3-4e5f-8ebb-80d352a1b7d2, root_6, 4.218319, 8.944217184879903, -11.44376407154823, 8.9154, 10.6299, 0,  Root,  4, 1.2050393
15072016001, 49eff821-9527-4617-9b06-8d82533e546c, root_5, 2.687937, 6.944891041222931, -7.431055254922455, 7.8613, 8.0391, 0,  Root,  2, 0.6797323
15072016001, 49eff821-9527-4617-9b06-8d82533e546c, root_5, 3.549941, -0.003959005240432134, -5.732742378177136, 7.874, 8.7884, 0,  Root,  3, 0.86200404
15072016001, 49eff821-9527-4617-9b06-8d82533e546c, root_5, 4.8175907, 9.732366373586018, -10.851231500671304, 8.0772, 9.9949, 0,  Root,  4, 1.2676497
15072016001, c6a08766-a864-4d68-858c-06c759002722, root_4, 2.4142468, 11.417831664502557, -14.125487584992015, 6.9088, 7.0993, 0,  Root,  2, 0.78883064
15072016001, c6a08766-a864-4d68-858c-06c759002722, root_4, 3.2805467, -8.82542152587871, 3.6330042570411365, 6.7818, 7.9121, 0,  Root,  3, 0.86629987
15072016001, c6a08766-a864-4d68-858c-06c759002722, root_4, 4.5050864, 1.333480826707273, -2.7290164265022554, 6.8072, 9.0932, 0,  Root,  4, 1.2245398
15072016001, f02e5cb2-c370-4808-90d3-ff8329b5e8bc, root_2, 1.3978198, -0.021751648028327963, -2.4511096895527658, 5.3594, 5.9435997, 0,  Root,  2, 0.5417808
15072016001, f02e5cb2-c370-4808-90d3-ff8329b5e8bc, root_2, 1.9568998, 11.51663718103596, -14.086528185966301, 5.4737, 6.4897, 0,  Root,  3, 0.55908
15072016001, f02e5cb2-c370-4808-90d3-ff8329b5e8bc, root_2, 3.0105553, -4.177409493793334, 5.720801841017305, 5.3975, 7.5311, 0,  Root,  4, 1.0536555
15072016001, 9cca23c8-2ad6-4647-9acb-111722db2d99, root_1, 1.9158063, 5.5115963344632775, -5.66304712788633, 4.8259997, 5.6514997, 0,  Root,  2, 0.7429073
15072016001, 9cca23c8-2ad6-4647-9acb-111722db2d99, root_1, 2.678639, 0.5140288810349887, -0.7409669251649689, 4.8387, 6.4135, 0,  Root,  3, 0.76283264
15072016001, 9cca23c8-2ad6-4647-9acb-111722db2d99, root_1, 3.9549844, -3.2382858036732642, 3.5562056100134782, 4.7625, 7.6707997, 0,  Root,  4, 1.2763455
15072016001, 3f42e60b-a61f-4f62-8d54-d8b2b92e60af, root_0, 1.7393314, 10.10174300390031, -12.008921244231772, 3.1496, 4.1275, 0,  Root,  2, 0.6212313
15072016001, 3f42e60b-a61f-4f62-8d54-d8b2b92e60af, root_0, 2.5185802, -6.020310645078666, 5.192281803041681, 3.0734, 4.8895, 0,  Root,  3, 0.77924883
15072016001, 3f42e60b-a61f-4f62-8d54-d8b2b92e60af, root_0, 3.725473, -4.212448364235499, 3.9967254907226675, 2.9972, 6.0833, 0,  Root,  4, 1.2068927
